1910	2,777,000
1915	2,965,000
1920	2,950,000
1925	2,909,000
1930	2,618,000
1935	2,377,000
1940	2,559,000
1945	2,858,000
1950	3,632,000
1952	3,913,000
1953	3,965,000
1954	4,078,000
1955	4,104,000
1956	4,218,000
1957	4,308,000
1958	4,255,000
1959	4,295,000
1960	4,257,850
1961	4,268,326
1962	4,167,362
1963	4,098,020
1964	4,027,490
1965	3,760,358
1966	3,606,274
1967	3,520,959
1968	3,501,564
1969	3,600,206
1970	3,731,386
1971	3,555,970
1972	3,258,411
1973	3,136,965
1974	3,159,958
1975	3,144,198
1976	3,167,788
1977	3,326,632
1978	3,333,279
1979	3,494,398
1980	3,612,258
1982	3,680,537
1983	3,638,933
1984	3,669,141
1985	3,760,561
1986	3,731,000
1987	3,829,000
1988	3,913,000
1989	4,021,000
1990	4,179,000
1991	4,111,000
1992	4,084,000
1993	4,039,000
1994	3,979,000
1995	3,892,000
1996	3,899,000
1997	3,882,000
1998	3,941,553
1999	3,959,417
2000	4,058,814
2001	4,025,933
2002	4,021,726
2003	4,089,950
2004	4,112,052
2005	4,138,349
2009	4,131,019
